iteration k_f k_d k_orr rmse stage
1 9.864005 15.319409 1.322114 0.276129 global
2 32.644150 24.529234 0.060249 0.154122 global
3 67.991682 8.613717 2.508756 0.206768 global
4 83.562388 34.156142 4.493303 0.307616 global
5 19.536874 20.009222 0.887589 0.126677 global
6 11.869081 36.881722 0.251300 0.046090 global
7 24.905970 78.122794 2.136741 0.260444 global
8 4.364803 5.507800 0.155470 0.052771 global
9 1.694926 48.516168 0.079988 0.100601 global
10 6.248831 12.592237 0.165976 0.060445 global
11 1.212982 7.744136 0.730585 0.320861 global
12 2.937196 65.546769 0.462952 0.160994 global
13 60.640234 5.000000 0.433336 0.058507 phase2
14 57.480181 18.053204 0.434372 0.056486 phase2
15 66.116321 27.695915 0.445382 0.058528 phase2
16 58.226265 100.000000 0.430407 0.057868 phase2
17 66.021243 11.767734 0.452399 0.057560 phase2
18 55.129743 65.183634 0.418043 0.059716 phase2
19 57.141068 42.489062 0.437817 0.055936 phase2
20 60.154809 7.670637 0.431341 0.059043 phase2
21 48.411800 29.525100 0.596200 0.046388 dip
22 35.905830 27.169620 0.507470 0.042402 dip
23 51.433350 37.009824 0.704924 0.048462 dip
24 57.872716 21.341167 0.656898 0.046866 dip
25 36.548579 14.595382 0.427188 0.047190 phase3
26 62.647707 13.264881 0.301923 0.088184 phase3
27 21.406276 20.223530 0.820634 0.112077 phase3
28 50.313013 39.610909 1.082887 0.100613 phase3
29 75.720311 22.601489 0.222116 0.112735 phase3
30 14.726772 47.756723 0.526387 0.070782 phase3
31 30.214196 61.694967 0.394269 0.046374 phase3
32 25.557770 28.358274 0.705943 0.077118 phase3
